> python3 sudoku.py 1
Solved? False
  |-------|-------|-------|
  | 9 2   |   1 3 |     5 |
  |       |   8   |     9 |
  |     7 |     2 | 1   3 |
  |-------|-------|-------|
  | 7 1 8 |     9 |   5 6 |
  | 4     |   5 6 | 9 7 8 |
  |     6 |       |   1 2 |
  |-------|-------|-------|
  |   4   | 9     |   8   |
  | 3 7 1 | 2 6 8 |   9 4 |
  |   8 9 | 5 4 7 | 2 3 1 |
  |-------|-------|-------|

Row: a
Invalid input, try again!

Row: 2
Col: 1
Val: 1
Is 1 at 2, 1 correct? (y/n) y
Solved? False
  |-------|-------|-------|
  | 9 2   |   1 3 |     5 |
  | 1     |   8   |     9 |
  |     7 |     2 | 1   3 |
  |-------|-------|-------|
  | 7 1 8 |     9 |   5 6 |
  | 4     |   5 6 | 9 7 8 |
  |     6 |       |   1 2 |
  |-------|-------|-------|
  |   4   | 9     |   8   |
  | 3 7 1 | 2 6 8 |   9 4 |
  |   8 9 | 5 4 7 | 2 3 1 |
  |-------|-------|-------|

Row: 7
Col: 6
Val: 1
Is 1 at 7, 6 correct? (y/n) y
Solved? False
  |-------|-------|-------|
  | 9 2   |   1 3 |     5 |
  | 1     |   8   |     9 |
  |     7 |     2 | 1   3 |
  |-------|-------|-------|
  | 7 1 8 |     9 |   5 6 |
  | 4     |   5 6 | 9 7 8 |
  |     6 |       |   1 2 |
  |-------|-------|-------|
  |   4   | 9   1 |   8   |
  | 3 7 1 | 2 6 8 |   9 4 |
  |   8 9 | 5 4 7 | 2 3 1 |
  |-------|-------|-------|

Row: 7
Col: 1
Val: 2
Is 2 at 7, 1 correct? (y/n) y
Solved? False
  |-------|-------|-------|
  | 9 2   |   1 3 |     5 |
  | 1     |   8   |     9 |
  |     7 |     2 | 1   3 |
  |-------|-------|-------|
  | 7 1 8 |     9 |   5 6 |
  | 4     |   5 6 | 9 7 8 |
  |     6 |       |   1 2 |
  |-------|-------|-------|
  | 2 4   | 9   1 |   8   |
  | 3 7 1 | 2 6 8 |   9 4 |
  |   8 9 | 5 4 7 | 2 3 1 |
  |-------|-------|-------|

Row: 5
Col: 3
Val: 2
Is 2 at 5, 3 correct? (y/n) y
Solved? False
  |-------|-------|-------|
  | 9 2   |   1 3 |     5 |
  | 1     |   8   |     9 |
  |     7 |     2 | 1   3 |
  |-------|-------|-------|
  | 7 1 8 |     9 |   5 6 |
  | 4   2 |   5 6 | 9 7 8 |
  |     6 |       |   1 2 |
  |-------|-------|-------|
  | 2 4   | 9   1 |   8   |
  | 3 7 1 | 2 6 8 |   9 4 |
  |   8 9 | 5 4 7 | 2 3 1 |
  |-------|-------|-------|

Row: 4
Col: 5
Val: 2
Is 2 at 4, 5 correct? (y/n) y
Solved? False
  |-------|-------|-------|
  | 9 2   |   1 3 |     5 |
  | 1     |   8   |     9 |
  |     7 |     2 | 1   3 |
  |-------|-------|-------|
  | 7 1 8 |   2 9 |   5 6 |
  | 4   2 |   5 6 | 9 7 8 |
  |     6 |       |   1 2 |
  |-------|-------|-------|
  | 2 4   | 9   1 |   8   |
  | 3 7 1 | 2 6 8 |   9 4 |
  |   8 9 | 5 4 7 | 2 3 1 |
  |-------|-------|-------|

Row: 2
Col: 8
Val: 2
Is 2 at 2, 8 correct? (y/n) y
Solved? False
  |-------|-------|-------|
  | 9 2   |   1 3 |     5 |
  | 1     |   8   |   2 9 |
  |     7 |     2 | 1   3 |
  |-------|-------|-------|
  | 7 1 8 |   2 9 |   5 6 |
  | 4   2 |   5 6 | 9 7 8 |
  |     6 |       |   1 2 |
  |-------|-------|-------|
  | 2 4   | 9   1 |   8   |
  | 3 7 1 | 2 6 8 |   9 4 |
  |   8 9 | 5 4 7 | 2 3 1 |
  |-------|-------|-------|

Row: 2
Col: 3
Val: 3
Is 3 at 2, 3 correct? (y/n) y
Solved? False
  |-------|-------|-------|
  | 9 2   |   1 3 |     5 |
  | 1   3 |   8   |   2 9 |
  |     7 |     2 | 1   3 |
  |-------|-------|-------|
  | 7 1 8 |   2 9 |   5 6 |
  | 4   2 |   5 6 | 9 7 8 |
  |     6 |       |   1 2 |
  |-------|-------|-------|
  | 2 4   | 9   1 |   8   |
  | 3 7 1 | 2 6 8 |   9 4 |
  |   8 9 | 5 4 7 | 2 3 1 |
  |-------|-------|-------|

Row: 1
Col: 3
Val: 4
Is 4 at 1, 3 correct? (y/n) y
Solved? False
  |-------|-------|-------|
  | 9 2 4 |   1 3 |     5 |
  | 1   3 |   8   |   2 9 |
  |     7 |     2 | 1   3 |
  |-------|-------|-------|
  | 7 1 8 |   2 9 |   5 6 |
  | 4   2 |   5 6 | 9 7 8 |
  |     6 |       |   1 2 |
  |-------|-------|-------|
  | 2 4   | 9   1 |   8   |
  | 3 7 1 | 2 6 8 |   9 4 |
  |   8 9 | 5 4 7 | 2 3 1 |
  |-------|-------|-------|

Row: 2
Col: 6
Val: 5
Is 5 at 2, 6 correct? (y/n) y
Solved? False
  |-------|-------|-------|
  | 9 2 4 |   1 3 |     5 |
  | 1   3 |   8 5 |   2 9 |
  |     7 |     2 | 1   3 |
  |-------|-------|-------|
  | 7 1 8 |   2 9 |   5 6 |
  | 4   2 |   5 6 | 9 7 8 |
  |     6 |       |   1 2 |
  |-------|-------|-------|
  | 2 4   | 9   1 |   8   |
  | 3 7 1 | 2 6 8 |   9 4 |
  |   8 9 | 5 4 7 | 2 3 1 |
  |-------|-------|-------|

Row: 7
Col: 3
Val: 5
Is 5 at 7, 3 correct? (y/n) y
Solved? False
  |-------|-------|-------|
  | 9 2 4 |   1 3 |     5 |
  | 1   3 |   8 5 |   2 9 |
  |     7 |     2 | 1   3 |
  |-------|-------|-------|
  | 7 1 8 |   2 9 |   5 6 |
  | 4   2 |   5 6 | 9 7 8 |
  |     6 |       |   1 2 |
  |-------|-------|-------|
  | 2 4 5 | 9   1 |   8   |
  | 3 7 1 | 2 6 8 |   9 4 |
  |   8 9 | 5 4 7 | 2 3 1 |
  |-------|-------|-------|

Row: 8
Col: 7
Val: 5
Is 5 at 8, 7 correct? (y/n) y
Solved? False
  |-------|-------|-------|
  | 9 2 4 |   1 3 |     5 |
  | 1   3 |   8 5 |   2 9 |
  |     7 |     2 | 1   3 |
  |-------|-------|-------|
  | 7 1 8 |   2 9 |   5 6 |
  | 4   2 |   5 6 | 9 7 8 |
  |     6 |       |   1 2 |
  |-------|-------|-------|
  | 2 4 5 | 9   1 |   8   |
  | 3 7 1 | 2 6 8 | 5 9 4 |
  |   8 9 | 5 4 7 | 2 3 1 |
  |-------|-------|-------|

Row: 7
Col: 7
Val: 6
Is 6 at 7, 7 correct? (y/n) y
Solved? False
  |-------|-------|-------|
  | 9 2 4 |   1 3 |     5 |
  | 1   3 |   8 5 |   2 9 |
  |     7 |     2 | 1   3 |
  |-------|-------|-------|
  | 7 1 8 |   2 9 |   5 6 |
  | 4   2 |   5 6 | 9 7 8 |
  |     6 |       |   1 2 |
  |-------|-------|-------|
  | 2 4 5 | 9   1 | 6 8   |
  | 3 7 1 | 2 6 8 | 5 9 4 |
  |   8 9 | 5 4 7 | 2 3 1 |
  |-------|-------|-------|

Row: 9
Col: 1
Val: 6
Is 6 at 9, 1 correct? (y/n) y
Solved? False
  |-------|-------|-------|
  | 9 2 4 |   1 3 |     5 |
  | 1   3 |   8 5 |   2 9 |
  |     7 |     2 | 1   3 |
  |-------|-------|-------|
  | 7 1 8 |   2 9 |   5 6 |
  | 4   2 |   5 6 | 9 7 8 |
  |     6 |       |   1 2 |
  |-------|-------|-------|
  | 2 4 5 | 9   1 | 6 8   |
  | 3 7 1 | 2 6 8 | 5 9 4 |
  | 6 8 9 | 5 4 7 | 2 3 1 |
  |-------|-------|-------|

Row: 7
Col: 9
Val: 7
Is 7 at 7, 9 correct? (y/n) y
Solved? False
  |-------|-------|-------|
  | 9 2 4 |   1 3 |     5 |
  | 1   3 |   8 5 |   2 9 |
  |     7 |     2 | 1   3 |
  |-------|-------|-------|
  | 7 1 8 |   2 9 |   5 6 |
  | 4   2 |   5 6 | 9 7 8 |
  |     6 |       |   1 2 |
  |-------|-------|-------|
  | 2 4 5 | 9   1 | 6 8 7 |
  | 3 7 1 | 2 6 8 | 5 9 4 |
  | 6 8 9 | 5 4 7 | 2 3 1 |
  |-------|-------|-------|

Row: 6
Col: 5
Val: 7
Is 7 at 6, 5 correct? (y/n) y
Solved? False
  |-------|-------|-------|
  | 9 2 4 |   1 3 |     5 |
  | 1   3 |   8 5 |   2 9 |
  |     7 |     2 | 1   3 |
  |-------|-------|-------|
  | 7 1 8 |   2 9 |   5 6 |
  | 4   2 |   5 6 | 9 7 8 |
  |     6 |   7   |   1 2 |
  |-------|-------|-------|
  | 2 4 5 | 9   1 | 6 8 7 |
  | 3 7 1 | 2 6 8 | 5 9 4 |
  | 6 8 9 | 5 4 7 | 2 3 1 |
  |-------|-------|-------|

Row: 1
Col: 7
Val: 8
Is 8 at 1, 7 correct? (y/n) y
Solved? False
  |-------|-------|-------|
  | 9 2 4 |   1 3 | 8   5 |
  | 1   3 |   8 5 |   2 9 |
  |     7 |     2 | 1   3 |
  |-------|-------|-------|
  | 7 1 8 |   2 9 |   5 6 |
  | 4   2 |   5 6 | 9 7 8 |
  |     6 |   7   |   1 2 |
  |-------|-------|-------|
  | 2 4 5 | 9   1 | 6 8 7 |
  | 3 7 1 | 2 6 8 | 5 9 4 |
  | 6 8 9 | 5 4 7 | 2 3 1 |
  |-------|-------|-------|

Row: 3
Col: 1
Val: 8
Is 8 at 3, 1 correct? (y/n) y
Solved? False
  |-------|-------|-------|
  | 9 2 4 |   1 3 | 8   5 |
  | 1   3 |   8 5 |   2 9 |
  | 8   7 |     2 | 1   3 |
  |-------|-------|-------|
  | 7 1 8 |   2 9 |   5 6 |
  | 4   2 |   5 6 | 9 7 8 |
  |     6 |   7   |   1 2 |
  |-------|-------|-------|
  | 2 4 5 | 9   1 | 6 8 7 |
  | 3 7 1 | 2 6 8 | 5 9 4 |
  | 6 8 9 | 5 4 7 | 2 3 1 |
  |-------|-------|-------|

Row: 6
Col: 4
Val: 8
Is 8 at 6, 4 correct? (y/n) y
Solved? False
  |-------|-------|-------|
  | 9 2 4 |   1 3 | 8   5 |
  | 1   3 |   8 5 |   2 9 |
  | 8   7 |     2 | 1   3 |
  |-------|-------|-------|
  | 7 1 8 |   2 9 |   5 6 |
  | 4   2 |   5 6 | 9 7 8 |
  |     6 | 8 7   |   1 2 |
  |-------|-------|-------|
  | 2 4 5 | 9   1 | 6 8 7 |
  | 3 7 1 | 2 6 8 | 5 9 4 |
  | 6 8 9 | 5 4 7 | 2 3 1 |
  |-------|-------|-------|

Row: 6
Col: 2
Val: 9
Is 9 at 6, 2 correct? (y/n) y
Solved? False
  |-------|-------|-------|
  | 9 2 4 |   1 3 | 8   5 |
  | 1   3 |   8 5 |   2 9 |
  | 8   7 |     2 | 1   3 |
  |-------|-------|-------|
  | 7 1 8 |   2 9 |   5 6 |
  | 4   2 |   5 6 | 9 7 8 |
  |   9 6 | 8 7   |   1 2 |
  |-------|-------|-------|
  | 2 4 5 | 9   1 | 6 8 7 |
  | 3 7 1 | 2 6 8 | 5 9 4 |
  | 6 8 9 | 5 4 7 | 2 3 1 |
  |-------|-------|-------|

Row: 3
Col: 5
Val: 9
Is 9 at 3, 5 correct? (y/n) y
Solved? False
  |-------|-------|-------|
  | 9 2 4 |   1 3 | 8   5 |
  | 1   3 |   8 5 |   2 9 |
  | 8   7 |   9 2 | 1   3 |
  |-------|-------|-------|
  | 7 1 8 |   2 9 |   5 6 |
  | 4   2 |   5 6 | 9 7 8 |
  |   9 6 | 8 7   |   1 2 |
  |-------|-------|-------|
  | 2 4 5 | 9   1 | 6 8 7 |
  | 3 7 1 | 2 6 8 | 5 9 4 |
  | 6 8 9 | 5 4 7 | 2 3 1 |
  |-------|-------|-------|

Row: 5
Col: 4
Val: 1
Is 1 at 5, 4 correct? (y/n) y
Solved? False
  |-------|-------|-------|
  | 9 2 4 |   1 3 | 8   5 |
  | 1   3 |   8 5 |   2 9 |
  | 8   7 |   9 2 | 1   3 |
  |-------|-------|-------|
  | 7 1 8 |   2 9 |   5 6 |
  | 4   2 | 1 5 6 | 9 7 8 |
  |   9 6 | 8 7   |   1 2 |
  |-------|-------|-------|
  | 2 4 5 | 9   1 | 6 8 7 |
  | 3 7 1 | 2 6 8 | 5 9 4 |
  | 6 8 9 | 5 4 7 | 2 3 1 |
  |-------|-------|-------|

Row: 7
Col: 5
Val: 3
Is 3 at 7, 5 correct? (y/n) y
Solved? False
  |-------|-------|-------|
  | 9 2 4 |   1 3 | 8   5 |
  | 1   3 |   8 5 |   2 9 |
  | 8   7 |   9 2 | 1   3 |
  |-------|-------|-------|
  | 7 1 8 |   2 9 |   5 6 |
  | 4   2 | 1 5 6 | 9 7 8 |
  |   9 6 | 8 7   |   1 2 |
  |-------|-------|-------|
  | 2 4 5 | 9 3 1 | 6 8 7 |
  | 3 7 1 | 2 6 8 | 5 9 4 |
  | 6 8 9 | 5 4 7 | 2 3 1 |
  |-------|-------|-------|

Row: 4
Col: 4
Val: 3
Is 3 at 4, 4 correct? (y/n) y
Solved? False
  |-------|-------|-------|
  | 9 2 4 |   1 3 | 8   5 |
  | 1   3 |   8 5 |   2 9 |
  | 8   7 |   9 2 | 1   3 |
  |-------|-------|-------|
  | 7 1 8 | 3 2 9 |   5 6 |
  | 4   2 | 1 5 6 | 9 7 8 |
  |   9 6 | 8 7   |   1 2 |
  |-------|-------|-------|
  | 2 4 5 | 9 3 1 | 6 8 7 |
  | 3 7 1 | 2 6 8 | 5 9 4 |
  | 6 8 9 | 5 4 7 | 2 3 1 |
  |-------|-------|-------|

Row: 6
Col: 7
Val: 3
Is 3 at 6, 7 correct? (y/n) y
Solved? False
  |-------|-------|-------|
  | 9 2 4 |   1 3 | 8   5 |
  | 1   3 |   8 5 |   2 9 |
  | 8   7 |   9 2 | 1   3 |
  |-------|-------|-------|
  | 7 1 8 | 3 2 9 |   5 6 |
  | 4   2 | 1 5 6 | 9 7 8 |
  |   9 6 | 8 7   | 3 1 2 |
  |-------|-------|-------|
  | 2 4 5 | 9 3 1 | 6 8 7 |
  | 3 7 1 | 2 6 8 | 5 9 4 |
  | 6 8 9 | 5 4 7 | 2 3 1 |
  |-------|-------|-------|

Row: 4
Col: 7
Val: 4
Is 4 at 4, 7 correct? (y/n) y
Solved? False
  |-------|-------|-------|
  | 9 2 4 |   1 3 | 8   5 |
  | 1   3 |   8 5 |   2 9 |
  | 8   7 |   9 2 | 1   3 |
  |-------|-------|-------|
  | 7 1 8 | 3 2 9 | 4 5 6 |
  | 4   2 | 1 5 6 | 9 7 8 |
  |   9 6 | 8 7   | 3 1 2 |
  |-------|-------|-------|
  | 2 4 5 | 9 3 1 | 6 8 7 |
  | 3 7 1 | 2 6 8 | 5 9 4 |
  | 6 8 9 | 5 4 7 | 2 3 1 |
  |-------|-------|-------|

Row: 6
Col: 6
Val: 4
Is 4 at 6, 6 correct? (y/n) y
Solved? False
  |-------|-------|-------|
  | 9 2 4 |   1 3 | 8   5 |
  | 1   3 |   8 5 |   2 9 |
  | 8   7 |   9 2 | 1   3 |
  |-------|-------|-------|
  | 7 1 8 | 3 2 9 | 4 5 6 |
  | 4   2 | 1 5 6 | 9 7 8 |
  |   9 6 | 8 7 4 | 3 1 2 |
  |-------|-------|-------|
  | 2 4 5 | 9 3 1 | 6 8 7 |
  | 3 7 1 | 2 6 8 | 5 9 4 |
  | 6 8 9 | 5 4 7 | 2 3 1 |
  |-------|-------|-------|

Row: 6
Col: 1
Val: 5
Is 5 at 6, 1 correct? (y/n) y
Solved? False
  |-------|-------|-------|
  | 9 2 4 |   1 3 | 8   5 |
  | 1   3 |   8 5 |   2 9 |
  | 8   7 |   9 2 | 1   3 |
  |-------|-------|-------|
  | 7 1 8 | 3 2 9 | 4 5 6 |
  | 4   2 | 1 5 6 | 9 7 8 |
  | 5 9 6 | 8 7 4 | 3 1 2 |
  |-------|-------|-------|
  | 2 4 5 | 9 3 1 | 6 8 7 |
  | 3 7 1 | 2 6 8 | 5 9 4 |
  | 6 8 9 | 5 4 7 | 2 3 1 |
  |-------|-------|-------|

Row: 5
Col: 2
Val: 3
Is 3 at 5, 2 correct? (y/n) y
Solved? False
  |-------|-------|-------|
  | 9 2 4 |   1 3 | 8   5 |
  | 1   3 |   8 5 |   2 9 |
  | 8   7 |   9 2 | 1   3 |
  |-------|-------|-------|
  | 7 1 8 | 3 2 9 | 4 5 6 |
  | 4 3 2 | 1 5 6 | 9 7 8 |
  | 5 9 6 | 8 7 4 | 3 1 2 |
  |-------|-------|-------|
  | 2 4 5 | 9 3 1 | 6 8 7 |
  | 3 7 1 | 2 6 8 | 5 9 4 |
  | 6 8 9 | 5 4 7 | 2 3 1 |
  |-------|-------|-------|

Row: 1
Col: 8
Val: 6
Is 6 at 1, 8 correct? (y/n) y
Solved? False
  |-------|-------|-------|
  | 9 2 4 |   1 3 | 8 6 5 |
  | 1   3 |   8 5 |   2 9 |
  | 8   7 |   9 2 | 1   3 |
  |-------|-------|-------|
  | 7 1 8 | 3 2 9 | 4 5 6 |
  | 4 3 2 | 1 5 6 | 9 7 8 |
  | 5 9 6 | 8 7 4 | 3 1 2 |
  |-------|-------|-------|
  | 2 4 5 | 9 3 1 | 6 8 7 |
  | 3 7 1 | 2 6 8 | 5 9 4 |
  | 6 8 9 | 5 4 7 | 2 3 1 |
  |-------|-------|-------|

Row: 1
Col: 4
Val: 7
Is 7 at 1, 4 correct? (y/n) y
Solved? False
  |-------|-------|-------|
  | 9 2 4 | 7 1 3 | 8 6 5 |
  | 1   3 |   8 5 |   2 9 |
  | 8   7 |   9 2 | 1   3 |
  |-------|-------|-------|
  | 7 1 8 | 3 2 9 | 4 5 6 |
  | 4 3 2 | 1 5 6 | 9 7 8 |
  | 5 9 6 | 8 7 4 | 3 1 2 |
  |-------|-------|-------|
  | 2 4 5 | 9 3 1 | 6 8 7 |
  | 3 7 1 | 2 6 8 | 5 9 4 |
  | 6 8 9 | 5 4 7 | 2 3 1 |
  |-------|-------|-------|

Row: 2
Col: 7
Val: 7
Is 7 at 2, 7 correct? (y/n) y
Solved? False
  |-------|-------|-------|
  | 9 2 4 | 7 1 3 | 8 6 5 |
  | 1   3 |   8 5 | 7 2 9 |
  | 8   7 |   9 2 | 1   3 |
  |-------|-------|-------|
  | 7 1 8 | 3 2 9 | 4 5 6 |
  | 4 3 2 | 1 5 6 | 9 7 8 |
  | 5 9 6 | 8 7 4 | 3 1 2 |
  |-------|-------|-------|
  | 2 4 5 | 9 3 1 | 6 8 7 |
  | 3 7 1 | 2 6 8 | 5 9 4 |
  | 6 8 9 | 5 4 7 | 2 3 1 |
  |-------|-------|-------|

Row: 3
Col: 8
Val: 4
Is 4 at 3, 8 correct? (y/n) y
Solved? False
  |-------|-------|-------|
  | 9 2 4 | 7 1 3 | 8 6 5 |
  | 1   3 |   8 5 | 7 2 9 |
  | 8   7 |   9 2 | 1 4 3 |
  |-------|-------|-------|
  | 7 1 8 | 3 2 9 | 4 5 6 |
  | 4 3 2 | 1 5 6 | 9 7 8 |
  | 5 9 6 | 8 7 4 | 3 1 2 |
  |-------|-------|-------|
  | 2 4 5 | 9 3 1 | 6 8 7 |
  | 3 7 1 | 2 6 8 | 5 9 4 |
  | 6 8 9 | 5 4 7 | 2 3 1 |
  |-------|-------|-------|

Row: 3
Col: 2
Val: 5
Is 5 at 3, 2 correct? (y/n) y
Solved? False
  |-------|-------|-------|
  | 9 2 4 | 7 1 3 | 8 6 5 |
  | 1   3 |   8 5 | 7 2 9 |
  | 8 5 7 |   9 2 | 1 4 3 |
  |-------|-------|-------|
  | 7 1 8 | 3 2 9 | 4 5 6 |
  | 4 3 2 | 1 5 6 | 9 7 8 |
  | 5 9 6 | 8 7 4 | 3 1 2 |
  |-------|-------|-------|
  | 2 4 5 | 9 3 1 | 6 8 7 |
  | 3 7 1 | 2 6 8 | 5 9 4 |
  | 6 8 9 | 5 4 7 | 2 3 1 |
  |-------|-------|-------|

Row: 2
Col: 2
Val: 6
Is 6 at 2, 2 correct? (y/n) y
Solved? False
  |-------|-------|-------|
  | 9 2 4 | 7 1 3 | 8 6 5 |
  | 1 6 3 |   8 5 | 7 2 9 |
  | 8 5 7 |   9 2 | 1 4 3 |
  |-------|-------|-------|
  | 7 1 8 | 3 2 9 | 4 5 6 |
  | 4 3 2 | 1 5 6 | 9 7 8 |
  | 5 9 6 | 8 7 4 | 3 1 2 |
  |-------|-------|-------|
  | 2 4 5 | 9 3 1 | 6 8 7 |
  | 3 7 1 | 2 6 8 | 5 9 4 |
  | 6 8 9 | 5 4 7 | 2 3 1 |
  |-------|-------|-------|

Row: 2
Col: 4
Val: 4
Is 4 at 2, 4 correct? (y/n) y
Solved? False
  |-------|-------|-------|
  | 9 2 4 | 7 1 3 | 8 6 5 |
  | 1 6 3 | 4 8 5 | 7 2 9 |
  | 8 5 7 |   9 2 | 1 4 3 |
  |-------|-------|-------|
  | 7 1 8 | 3 2 9 | 4 5 6 |
  | 4 3 2 | 1 5 6 | 9 7 8 |
  | 5 9 6 | 8 7 4 | 3 1 2 |
  |-------|-------|-------|
  | 2 4 5 | 9 3 1 | 6 8 7 |
  | 3 7 1 | 2 6 8 | 5 9 4 |
  | 6 8 9 | 5 4 7 | 2 3 1 |
  |-------|-------|-------|

Row: 3
Col: 4
Val: 6
Is 6 at 3, 4 correct? (y/n) y
Solved? True
  |-------|-------|-------|
  | 9 2 4 | 7 1 3 | 8 6 5 |
  | 1 6 3 | 4 8 5 | 7 2 9 |
  | 8 5 7 | 6 9 2 | 1 4 3 |
  |-------|-------|-------|
  | 7 1 8 | 3 2 9 | 4 5 6 |
  | 4 3 2 | 1 5 6 | 9 7 8 |
  | 5 9 6 | 8 7 4 | 3 1 2 |
  |-------|-------|-------|
  | 2 4 5 | 9 3 1 | 6 8 7 |
  | 3 7 1 | 2 6 8 | 5 9 4 |
  | 6 8 9 | 5 4 7 | 2 3 1 |
  |-------|-------|-------|
